-2.03916E+04 2.56725E-03
-2.03299E+04 2.27261E-03
-2.02683E+04 3.25548E-03
-2.02067E+04 3.36761E-03
-2.01451E+04 2.52994E-03
-2.00835E+04 3.17242E-03
-2.00219E+04 3.16769E-03
-1.99603E+04 2.09235E-03
-1.98987E+04 3.00394E-03
-1.98371E+04 3.47658E-03
-1.97754E+04 3.47719E-03
-1.97139E+04 3.28516E-03
-1.96522E+04 3.88465E-03
-1.95906E+04 3.40420E-03
-1.95290E+04 2.49295E-03
-1.94674E+04 3.42073E-03
-1.94058E+04 1.86375E-03
-1.93442E+04 2.79096E-03
-1.92826E+04 4.34369E-03
-1.92210E+04 3.00374E-03
-1.91594E+04 4.62043E-03
-1.90977E+04 2.84704E-03
-1.90361E+04 8.87410E-04
-1.89746E+04 2.29080E-03
-1.89129E+04 1.25713E-03
-1.88513E+04 2.74189E-03
-1.87897E+04 2.21464E-03
-1.87281E+04 4.09508E-03
-1.86665E+04 3.67190E-03
-1.86049E+04 3.60875E-03
-1.85433E+04 1.92440E-03
-1.84817E+04 3.47410E-03
-1.84201E+04 2.68915E-03
-1.83584E+04 3.39789E-03
-1.82969E+04 4.47089E-03
-1.82352E+04 1.88937E-03
-1.81736E+04 2.14447E-03
-1.81121E+04 1.86437E-03
-1.80504E+04 3.24812E-03
-1.79888E+04 1.85511E-03
-1.79272E+04 3.52544E-03
-1.78656E+04 1.68127E-03
-1.78040E+04 2.29184E-03
-1.77424E+04 2.39082E-03
-1.76807E+04 3.68816E-03
-1.76192E+04 2.98819E-03
-1.75576E+04 2.89650E-03
-1.74959E+04 1.87095E-03
-1.74344E+04 1.42502E-03
-1.73727E+04 2.52165E-03
-1.73111E+04 2.13371E-03
-1.72495E+04 3.61510E-03
-1.71879E+04 2.67759E-03
-1.71263E+04 2.53452E-03
-1.70647E+04 5.39962E-03
-1.70031E+04 3.50681E-03
-1.69415E+04 2.48135E-03
-1.68799E+04 2.36521E-03
-1.68182E+04 2.56407E-03
-1.67566E+04 2.75933E-03
-1.66951E+04 4.05661E-03
-1.66334E+04 1.77285E-03
-1.65718E+04 3.31410E-03
-1.65102E+04 2.52974E-03
-1.64486E+04 1.67870E-03
-1.63870E+04 2.58667E-03
-1.63254E+04 2.28135E-03
-1.62638E+04 1.78715E-03
-1.62022E+04 9.69559E-04
-1.61406E+04 2.58728E-03
-1.60789E+04 1.29118E-03
-1.60174E+04 2.76634E-03
-1.59557E+04 3.73388E-03
-1.58941E+04 2.74893E-03
-1.58325E+04 2.08970E-03
-1.57709E+04 2.01752E-03
-1.57093E+04 2.22093E-03
-1.56477E+04 2.80893E-03
-1.55861E+04 3.39369E-03
-1.55245E+04 2.84243E-03
-1.54629E+04 2.32693E-03
-1.54013E+04 3.26136E-03
-1.53397E+04 2.26103E-03
-1.52781E+04 3.68344E-03
-1.52164E+04 2.68674E-03
-1.51548E+04 3.88822E-03
-1.50932E+04 2.30364E-03
-1.50316E+04 2.07766E-03
-1.49700E+04 2.09812E-03
-1.49084E+04 2.29142E-03
-1.48468E+04 3.05861E-03
-1.47852E+04 1.80910E-03
-1.47236E+04 3.67128E-03
-1.46620E+04 2.38330E-03
-1.46004E+04 2.53406E-03
-1.45387E+04 2.98296E-03
-1.44772E+04 1.57740E-03
-1.44155E+04 3.17771E-03
-1.43539E+04 1.76323E-03
-1.42923E+04 3.08788E-03
-1.42307E+04 2.91086E-03
-1.41691E+04 2.51869E-03
-1.41075E+04 1.65406E-03
-1.40459E+04 3.02778E-03
-1.39843E+04 2.37047E-03
-1.39227E+04 2.79002E-03
-1.38610E+04 2.70569E-03
-1.37994E+04 1.68849E-03
-1.37379E+04 2.22355E-03
-1.36763E+04 2.58036E-03
-1.36146E+04 2.86036E-03
-1.35530E+04 3.25459E-03
-1.34914E+04 4.02006E-03
-1.34298E+04 2.59207E-03
-1.33682E+04 3.29229E-03
-1.33066E+04 2.87492E-03
-1.32450E+04 2.16458E-03
-1.31834E+04 3.28908E-03
-1.31218E+04 2.98927E-03
-1.30602E+04 3.15286E-03
-1.29985E+04 3.19988E-03
-1.29369E+04 2.94578E-03
-1.28753E+04 2.36125E-03
-1.28138E+04 1.68964E-03
-1.27521E+04 2.51902E-03
-1.26905E+04 2.57013E-03
-1.26289E+04 2.45299E-03
-1.25673E+04 2.14977E-03
-1.25057E+04 2.68052E-03
-1.24441E+04 3.90354E-03
-1.23825E+04 1.88222E-03
-1.23209E+04 2.03674E-03
-1.22593E+04 2.37179E-03
-1.21977E+04 1.84889E-03
-1.21360E+04 2.62575E-03
-1.20744E+04 2.92926E-03
-1.20128E+04 2.75426E-03
-1.19512E+04 2.99162E-03
-1.18896E+04 1.18450E-03
-1.18280E+04 1.86012E-03
-1.17664E+04 3.38281E-03
-1.17048E+04 2.47082E-03
-1.16432E+04 3.16304E-03
-1.15815E+04 1.80430E-03
-1.15199E+04 1.89965E-03
-1.14584E+04 2.32960E-03
-1.13967E+04 1.97779E-03
-1.13351E+04 2.38546E-03
-1.12735E+04 2.47279E-03
-1.12119E+04 2.24215E-03
-1.11503E+04 3.22703E-03
-1.10887E+04 2.31873E-03
-1.10271E+04 2.70373E-03
-1.09655E+04 2.85250E-03
-1.09039E+04 3.02407E-03
-1.08423E+04 2.97893E-03
-1.07807E+04 3.16930E-03
-1.07190E+04 2.76655E-03
-1.06574E+04 2.45674E-03
-1.05958E+04 1.05429E-03
-1.05342E+04 3.18211E-03
-1.04726E+04 3.07166E-03
-1.04110E+04 2.94885E-03
-1.03494E+04 3.00003E-03
-1.02878E+04 1.35962E-03
-1.02262E+04 2.13422E-03
-1.01646E+04 2.76301E-03
-1.01029E+04 2.56555E-03
-1.00414E+04 3.19521E-03
-9.97976E+03 2.99104E-03
-9.91815E+03 2.91631E-03
-9.85580E+03 3.02092E-03
-9.79491E+03 2.65178E-03
-9.73330E+03 2.67081E-03
-9.67169E+03 2.96494E-03
-9.61012E+03 3.50512E-03
-9.54850E+03 3.89034E-03
-9.48690E+03 3.98179E-03
-9.42528E+03 3.26642E-03
-9.36366E+03 2.10467E-03
-9.30204E+03 3.59401E-03
-9.24044E+03 3.25832E-03
-9.17886E+03 2.15230E-03
-9.11724E+03 2.49807E-03
-9.05563E+03 2.46809E-03
-8.99402E+03 9.97270E-04
-8.93241E+03 2.06279E-03
-8.87078E+03 3.00002E-03
-8.80918E+03 2.63964E-03
-8.74757E+03 2.90109E-03
-8.68599E+03 2.23625E-03
-8.62437E+03 3.17269E-03
-8.56277E+03 2.93645E-03
-8.50115E+03 2.32928E-03
-8.43953E+03 2.90782E-03
-8.37792E+03 2.20876E-03
-8.31632E+03 2.00917E-03
-8.25474E+03 1.94266E-03
-8.19311E+03 2.93775E-03
-8.13151E+03 3.44000E-03
-8.06990E+03 2.95222E-03
-8.00828E+03 3.33119E-03
-7.94666E+03 1.63035E-03
-7.88507E+03 3.26697E-03
-7.82345E+03 2.97026E-03
-7.76186E+03 2.26191E-03
-7.70024E+03 1.61040E-03
-7.63865E+03 1.74194E-03
-7.57703E+03 2.98941E-03
-7.51541E+03 2.28435E-03
-7.45381E+03 2.67133E-03
-7.39220E+03 2.14837E-03
-7.33060E+03 1.87176E-03
-7.26898E+03 1.63727E-03
-7.20739E+03 1.80620E-03
-7.14577E+03 1.85600E-03
-7.08416E+03 2.70293E-03
-7.02254E+03 1.53031E-03
-6.96095E+03 2.76189E-03
-6.89933E+03 2.34371E-03
-6.83773E+03 2.22617E-03
-6.77611E+03 3.84794E-03
-6.71452E+03 1.83727E-03
-6.65291E+03 2.40498E-03
-6.59128E+03 2.75576E-03
-6.52970E+03 2.64902E-03
-6.46808E+03 3.25198E-03
-6.40647E+03 2.54960E-03
-6.34485E+03 2.19167E-03
-6.28326E+03 2.71921E-03
-6.22165E+03 3.30646E-03
-6.16003E+03 2.56731E-03
-6.09842E+03 3.27667E-03
-6.03683E+03 4.37122E-03
-5.97522E+03 2.77847E-03
-5.91359E+03 2.94896E-03
-5.85198E+03 2.56892E-03
-5.79039E+03 2.26382E-03
-5.72878E+03 1.11239E-03
-5.66716E+03 1.49653E-03
-5.60558E+03 1.92973E-03
-5.54396E+03 2.90831E-03
-5.48234E+03 3.57861E-03
-5.42072E+03 1.83787E-03
-5.35914E+03 2.10404E-03
-5.29753E+03 1.90537E-03
-5.23591E+03 1.29610E-03
-5.17430E+03 2.50784E-03
-5.11270E+03 6.96127E-04
-5.05109E+03 2.65815E-03
-4.98947E+03 2.15253E-03
-4.92789E+03 2.67785E-03
-4.86627E+03 1.84048E-03
-4.80466E+03 2.41185E-03
-4.74304E+03 2.89712E-03
-4.68145E+03 3.16958E-03
-4.61983E+03 3.75375E-03
-4.55822E+03 2.96743E-03
-4.49661E+03 2.65972E-03
-4.43501E+03 2.52405E-03
-4.37340E+03 2.70061E-03
-4.31178E+03 2.93302E-03
-4.25017E+03 2.34641E-03
-4.18857E+03 3.90696E-03
-4.12697E+03 1.48233E-03
-4.06536E+03 3.36925E-03
-4.00376E+03 2.72464E-03
-3.94215E+03 2.55582E-03
-3.88053E+03 2.54923E-03
-3.81892E+03 3.39562E-03
-3.75732E+03 2.74755E-03
-3.69571E+03 2.42220E-03
-3.63409E+03 1.78504E-03
-3.57249E+03 3.06949E-03
-3.51088E+03 3.58871E-03
-3.44928E+03 2.23210E-03
-3.38766E+03 2.45803E-03
-3.32606E+03 3.02409E-03
-3.26446E+03 4.68874E-03
-3.20284E+03 3.30185E-03
-3.14124E+03 4.11802E-03
-3.07963E+03 3.77664E-03
-3.01802E+03 4.49425E-03
-2.95641E+03 3.48650E-03
-2.89480E+03 3.49342E-03
-2.83319E+03 1.82980E-03
-2.77159E+03 2.77038E-03
-2.70997E+03 3.06634E-03
-2.64837E+03 3.81509E-03
-2.58675E+03 3.57754E-03
-2.52515E+03 1.81570E-03
-2.46355E+03 2.13118E-03
-2.40194E+03 3.76745E-03
-2.34033E+03 2.79677E-03
-2.27872E+03 2.15874E-03
-2.21711E+03 2.39881E-03
-2.15550E+03 2.38602E-03
-2.09390E+03 3.17804E-03
-2.03229E+03 1.73824E-03
-1.97068E+03 2.45984E-03
-1.90907E+03 3.17705E-03
-1.84746E+03 1.44825E-03
-1.78585E+03 1.49962E-03
-1.72425E+03 1.28825E-03
-1.66264E+03 1.56106E-03
-1.60103E+03 2.70686E-03
-1.53942E+03 2.91620E-03
-1.47781E+03 2.34529E-03
-1.41620E+03 2.15632E-03
-1.35459E+03 3.20366E-03
-1.29298E+03 2.76885E-03
-1.23138E+03 2.86966E-03
-1.16977E+03 2.78307E-03
-1.10816E+03 1.48745E-03
-1.04655E+03 3.10119E-03
-9.84948E+02 2.72292E-03
-9.23339E+02 2.43841E-03
-8.61730E+02 1.89631E-03
-8.00121E+02 2.47873E-03
-7.38512E+02 2.25071E-03
-6.76904E+02 2.95356E-03
-6.15298E+02 2.79360E-03
-5.53689E+02 2.28303E-03
-4.92081E+02 2.35394E-03
-4.30473E+02 2.70013E-03
-3.68864E+02 2.76587E-03
-3.07257E+02 3.28816E-03
-2.45648E+02 2.83328E-03
-1.84039E+02 3.81958E-03
-1.22431E+02 4.09017E-03
-6.08232E+01 4.12739E-03
7.84559E-01 4.50082E-03
6.23929E+01 3.78227E-03
1.24002E+02 3.30041E-03
1.85610E+02 3.29907E-03
2.47219E+02 3.10098E-03
3.08827E+02 2.69009E-03
3.70435E+02 1.85346E-03
4.32043E+02 1.92696E-03
4.93651E+02 2.01286E-03
5.55260E+02 2.85439E-03
6.16866E+02 2.08008E-03
6.78475E+02 2.30708E-03
7.40084E+02 3.12455E-03
8.01692E+02 1.92963E-03
8.63301E+02 2.05227E-03
9.24910E+02 2.39197E-03
9.86518E+02 2.66730E-03
1.04812E+03 3.37563E-03
1.10973E+03 2.69724E-03
1.17134E+03 3.01382E-03
1.23295E+03 2.94700E-03
1.29456E+03 2.07754E-03
1.35616E+03 2.24934E-03
1.41777E+03 3.39164E-03
1.47938E+03 3.23471E-03
1.54099E+03 3.23971E-03
1.60260E+03 3.71971E-03
1.66421E+03 2.96212E-03
1.72582E+03 3.63907E-03
1.78742E+03 2.55318E-03
1.84903E+03 2.25941E-03
1.91064E+03 3.84810E-03
1.97225E+03 3.54806E-03
2.03386E+03 2.33388E-03
2.09547E+03 3.73765E-03
2.15707E+03 2.59797E-03
2.21868E+03 2.75065E-03
2.28029E+03 3.70359E-03
2.34190E+03 3.26424E-03
2.40351E+03 3.37449E-03
2.46512E+03 3.05437E-03
2.52672E+03 3.16819E-03
2.58832E+03 3.65471E-03
2.64994E+03 2.48541E-03
2.71154E+03 1.68899E-03
2.77316E+03 3.27138E-03
2.83476E+03 2.09010E-03
2.89638E+03 3.52058E-03
2.95798E+03 2.51917E-03
3.01959E+03 2.55129E-03
3.08120E+03 2.98646E-03
3.14281E+03 3.05368E-03
3.20441E+03 2.48018E-03
3.26603E+03 3.98524E-03
3.32763E+03 2.85499E-03
3.38923E+03 2.14816E-03
3.45085E+03 2.15694E-03
3.51245E+03 2.83103E-03
3.57406E+03 2.91530E-03
3.63567E+03 3.10890E-03
3.69728E+03 2.49997E-03
3.75889E+03 2.98677E-03
3.82049E+03 2.52720E-03
3.88210E+03 2.84654E-03
3.94372E+03 1.63334E-03
4.00532E+03 2.87338E-03
4.06693E+03 3.43309E-03
4.12854E+03 3.38173E-03
4.19015E+03 2.23417E-03
4.25174E+03 2.63099E-03
4.31336E+03 2.71530E-03
4.37497E+03 3.46339E-03
4.43658E+03 1.68682E-03
4.49818E+03 2.64135E-03
4.55979E+03 3.45775E-03
4.62141E+03 3.74096E-03
4.68302E+03 3.03300E-03
4.74461E+03 2.43828E-03
4.80622E+03 2.49294E-03
4.86784E+03 2.22643E-03
4.92945E+03 2.03563E-03
4.99105E+03 1.83136E-03
5.05266E+03 1.63874E-03
5.11428E+03 2.99822E-03
5.17586E+03 1.71113E-03
5.23748E+03 2.19854E-03
5.29909E+03 3.17550E-03
5.36071E+03 3.68537E-03
5.42230E+03 2.66738E-03
5.48391E+03 2.72497E-03
5.54553E+03 3.12163E-03
5.60714E+03 2.80083E-03
5.66873E+03 3.27236E-03
5.73035E+03 2.60412E-03
5.79197E+03 3.28211E-03
5.85355E+03 1.70491E-03
5.91517E+03 2.45757E-03
5.97678E+03 2.46371E-03
6.03840E+03 2.46943E-03
6.09998E+03 2.44636E-03
6.16161E+03 2.07503E-03
6.22322E+03 2.60150E-03
6.28484E+03 3.06490E-03
6.34642E+03 3.88759E-03
6.40804E+03 3.07751E-03
6.46965E+03 3.16457E-03
6.53126E+03 2.42095E-03
6.59286E+03 2.39899E-03
6.65447E+03 2.74362E-03
6.71609E+03 2.77982E-03
6.77768E+03 3.80762E-03
6.83921E+03 5.22045E-03
6.90135E+03 3.51839E-03
6.96252E+03 3.04406E-03
7.02411E+03 3.15368E-03
7.08573E+03 2.67031E-03
7.14734E+03 3.83596E-03
7.20896E+03 1.89837E-03
7.27055E+03 3.03117E-03
7.33217E+03 3.09994E-03
7.39377E+03 1.79494E-03
7.45538E+03 3.17475E-03
7.51698E+03 2.88845E-03
7.57859E+03 3.26751E-03
7.64022E+03 3.63655E-03
7.70182E+03 4.08579E-03
7.76343E+03 3.31310E-03
7.82502E+03 2.24967E-03
7.88664E+03 2.09496E-03
7.94824E+03 2.65776E-03
8.00985E+03 3.56981E-03
8.07147E+03 3.57031E-03
8.13308E+03 2.93667E-03
8.19468E+03 2.28062E-03
8.25630E+03 3.68000E-03
8.31789E+03 3.32134E-03
8.37949E+03 2.65904E-03
8.44110E+03 4.44108E-03
8.50272E+03 3.02649E-03
8.56434E+03 2.85126E-03
8.62595E+03 3.36899E-03
8.68756E+03 3.79223E-03
8.74914E+03 4.06624E-03
8.81076E+03 4.97261E-03
8.87235E+03 3.07240E-03
8.93397E+03 2.62076E-03
8.99559E+03 3.12295E-03
9.05721E+03 2.01851E-03
9.11881E+03 1.28131E-03
9.18038E+03 1.81004E-03
9.24201E+03 1.61027E-03
9.30362E+03 3.15660E-03
9.36523E+03 3.00685E-03
9.42684E+03 2.44322E-03
9.48847E+03 3.78301E-03
9.55008E+03 2.19571E-03
9.61168E+03 1.86604E-03
9.67326E+03 1.97213E-03
9.73488E+03 2.30665E-03
9.79648E+03 2.98843E-03
9.85736E+03 2.93967E-03
9.91972E+03 2.54118E-03
9.98133E+03 3.20516E-03
1.00429E+04 2.79321E-03
1.01045E+04 2.74403E-03
1.01661E+04 2.66748E-03
1.02277E+04 2.77681E-03
1.02894E+04 1.82870E-03
1.03510E+04 4.36555E-03
1.04126E+04 2.60364E-03
1.04742E+04 3.60691E-03
1.05358E+04 3.60311E-03
1.05974E+04 3.58741E-03
1.06590E+04 3.07662E-03
1.07206E+04 2.80385E-03
1.07822E+04 3.21663E-03
1.08438E+04 3.80993E-03
1.09055E+04 2.68154E-03
1.09671E+04 3.10495E-03
1.10286E+04 4.11723E-03
1.10903E+04 2.96741E-03
1.11519E+04 1.97517E-03
1.12135E+04 1.48084E-03
1.12751E+04 3.40539E-03
1.13367E+04 2.32086E-03
1.13983E+04 3.32010E-03
1.14599E+04 3.34027E-03
1.15215E+04 1.31425E-03
1.15831E+04 2.41621E-03
1.16447E+04 3.05163E-03
1.17063E+04 3.16175E-03
1.17680E+04 3.46762E-03
1.18296E+04 1.46605E-03
1.18912E+04 3.32346E-03
1.19528E+04 2.83410E-03
1.20144E+04 3.52247E-03
1.20760E+04 3.72793E-03
1.21376E+04 4.14459E-03
1.21992E+04 3.01441E-03
1.22608E+04 3.49595E-03
1.23224E+04 2.92329E-03
1.23841E+04 3.09456E-03
1.24456E+04 3.14512E-03
1.25072E+04 3.36148E-03
1.25689E+04 2.63893E-03
1.26305E+04 3.16294E-03
1.26921E+04 3.18472E-03
1.27537E+04 2.88979E-03
1.28153E+04 3.27902E-03
1.28769E+04 1.78595E-03
1.29385E+04 2.21309E-03
1.30001E+04 2.86706E-03
1.30617E+04 2.20794E-03
1.31233E+04 3.43165E-03
1.31850E+04 4.59807E-03
1.32466E+04 2.49452E-03
1.33081E+04 2.39963E-03
1.33698E+04 2.81183E-03
1.34314E+04 1.86871E-03
1.34930E+04 2.56126E-03
1.35546E+04 4.90742E-03
1.36162E+04 3.29985E-03
1.36778E+04 3.19424E-03
1.37394E+04 2.26635E-03
1.38010E+04 3.00586E-03
1.38626E+04 1.64259E-03
1.39242E+04 3.38365E-03
1.39858E+04 4.18725E-03
1.40475E+04 2.54580E-03
1.41091E+04 3.21628E-03
1.41707E+04 3.71563E-03
1.42323E+04 3.44076E-03
1.42939E+04 2.59149E-03
1.43555E+04 2.41427E-03
1.44171E+04 4.18329E-03
1.44787E+04 4.67983E-03
1.45403E+04 2.62356E-03
1.46019E+04 2.31087E-03
1.46636E+04 2.02227E-03
1.47251E+04 1.16526E-03
1.47868E+04 1.83137E-03
1.48484E+04 1.66067E-03
1.49100E+04 2.97162E-03
1.49716E+04 3.84834E-03
1.50332E+04 3.75328E-03
1.50948E+04 2.88561E-03
1.51564E+04 2.71107E-03
1.52180E+04 2.59514E-03
1.52796E+04 2.88434E-03
1.53412E+04 3.92905E-03
1.54028E+04 4.55226E-03
1.54644E+04 3.32075E-03
1.55261E+04 3.09220E-03
1.55877E+04 4.26864E-03
1.56493E+04 3.33546E-03
1.57109E+04 4.35740E-03
1.57725E+04 4.21572E-03
1.58341E+04 3.66331E-03
1.58957E+04 1.99889E-03
1.59573E+04 2.74054E-03
1.60189E+04 4.16588E-03
1.60805E+04 3.58964E-03
1.61421E+04 3.59153E-03
1.62038E+04 3.56809E-03
1.62654E+04 4.23673E-03
1.63269E+04 3.89035E-03
1.63886E+04 3.14383E-03
1.64502E+04 3.81026E-03
1.65118E+04 4.25618E-03
1.65734E+04 3.34811E-03
1.66350E+04 3.13790E-03
1.66966E+04 4.21511E-03
1.67582E+04 4.48632E-03
1.68198E+04 3.03493E-03
1.68814E+04 3.42884E-03
1.69431E+04 3.30060E-03
1.70046E+04 3.20277E-03
1.70663E+04 2.80713E-03
1.71279E+04 4.34574E-03
1.71895E+04 5.37985E-03
1.72511E+04 1.99789E-03
1.73127E+04 3.91444E-03
1.73743E+04 2.73708E-03
1.74359E+04 3.98709E-03
1.74975E+04 3.66774E-03
1.75591E+04 3.68778E-03
1.76208E+04 3.04223E-03
1.76824E+04 3.51180E-03
1.77439E+04 3.61720E-03
1.78056E+04 5.04432E-03
1.78672E+04 3.29465E-03
1.79288E+04 2.75264E-03
1.79904E+04 2.04360E-03
1.80520E+04 4.27296E-03
1.81136E+04 3.63637E-03
1.81752E+04 3.98702E-03
1.82368E+04 2.27756E-03
1.82984E+04 3.38380E-03
1.83600E+04 4.31346E-03
1.84216E+04 4.89529E-03
1.84833E+04 4.76642E-03
1.85449E+04 3.35700E-03
1.86064E+04 3.90631E-03
1.86681E+04 3.79312E-03
1.87297E+04 4.40237E-03
1.87913E+04 2.96841E-03
1.88529E+04 2.63113E-03
1.89145E+04 2.26681E-03
1.89761E+04 3.62847E-03
1.90377E+04 3.30578E-03
1.90993E+04 2.94152E-03
1.91609E+04 3.25405E-03
1.92226E+04 2.75327E-03
1.92841E+04 2.76566E-03
1.93458E+04 2.98347E-03
1.94074E+04 3.83218E-03
1.94690E+04 3.41200E-03
1.95306E+04 2.54571E-03
1.95922E+04 2.48573E-03
1.96538E+04 2.82281E-03
1.97154E+04 2.89841E-03
1.97770E+04 5.16800E-03
1.98386E+04 3.70317E-03
1.99003E+04 3.29294E-03
1.99619E+04 4.01076E-03
2.00234E+04 5.07611E-03
2.00851E+04 3.52809E-03
2.01467E+04 4.58590E-03
2.02083E+04 4.91528E-03
2.02699E+04 3.46697E-03
2.03315E+04 1.95776E-03
2.03931E+04 5.09545E-03
2.04547E+04 3.95784E-03
2.05163E+04 3.75660E-03
2.05779E+04 3.14390E-03
2.06396E+04 3.16401E-03
2.07011E+04 2.78848E-03
2.07628E+04 2.82480E-03
2.08244E+04 3.18537E-03
2.08859E+04 1.74609E-03
2.09476E+04 2.03332E-03
2.10092E+04 4.21796E-03
2.10708E+04 4.20039E-03
