-2.03766E+04 2.62709E-03
-2.03149E+04 3.86797E-03
-2.02534E+04 3.84318E-03
-2.01917E+04 4.02855E-03
-2.01301E+04 3.57416E-03
-2.00685E+04 4.59479E-03
-2.00069E+04 4.28057E-03
-1.99453E+04 3.19173E-03
-1.98837E+04 3.66179E-03
-1.98221E+04 3.90413E-03
-1.97605E+04 3.23931E-03
-1.96989E+04 5.42650E-03
-1.96373E+04 4.73362E-03
-1.95757E+04 3.75807E-03
-1.95140E+04 4.33314E-03
-1.94524E+04 4.89514E-03
-1.93908E+04 5.43700E-03
-1.93292E+04 5.53383E-03
-1.92676E+04 5.20148E-03
-1.92060E+04 6.33336E-03
-1.91444E+04 3.95882E-03
-1.90828E+04 5.43988E-03
-1.90212E+04 5.70881E-03
-1.89596E+04 5.75695E-03
-1.88980E+04 5.82138E-03
-1.88364E+04 6.49014E-03
-1.87748E+04 6.39917E-03
-1.87131E+04 7.02546E-03
-1.86515E+04 7.44498E-03
-1.85899E+04 6.99678E-03
-1.85283E+04 6.71592E-03
-1.84667E+04 6.55781E-03
-1.84051E+04 6.87304E-03
-1.83435E+04 7.16557E-03
-1.82819E+04 7.76292E-03
-1.82203E+04 8.66726E-03
-1.81587E+04 7.38220E-03
-1.80970E+04 8.71320E-03
-1.80354E+04 9.29191E-03
-1.79739E+04 8.39044E-03
-1.79122E+04 8.65743E-03
-1.78506E+04 8.86665E-03
-1.77890E+04 8.96541E-03
-1.77274E+04 7.47002E-03
-1.76658E+04 7.82128E-03
-1.76042E+04 6.94213E-03
-1.75426E+04 6.71415E-03
-1.74810E+04 8.85733E-03
-1.74194E+04 7.21810E-03
-1.73578E+04 5.49397E-03
-1.72962E+04 7.10920E-03
-1.72345E+04 7.91398E-03
-1.71729E+04 7.74638E-03
-1.71113E+04 6.58199E-03
-1.70497E+04 7.00796E-03
-1.69881E+04 7.16996E-03
-1.69265E+04 7.53787E-03
-1.68649E+04 6.43431E-03
-1.68033E+04 7.07503E-03
-1.67417E+04 5.30881E-03
-1.66801E+04 5.61263E-03
-1.66185E+04 5.73085E-03
-1.65569E+04 5.71032E-03
-1.64953E+04 5.23542E-03
-1.64336E+04 4.59231E-03
-1.63720E+04 4.45674E-03
-1.63104E+04 4.52883E-03
-1.62488E+04 5.56995E-03
-1.61872E+04 3.77861E-03
-1.61256E+04 3.60178E-03
-1.60640E+04 2.23183E-03
-1.60024E+04 4.17571E-03
-1.59408E+04 2.43544E-03
-1.58792E+04 3.70565E-03
-1.58175E+04 4.67199E-03
-1.57559E+04 2.80788E-03
-1.56943E+04 3.09844E-03
-1.56327E+04 3.95996E-03
-1.55711E+04 3.23659E-03
-1.55095E+04 2.04851E-03
-1.54479E+04 3.27220E-03
-1.53863E+04 4.04764E-03
-1.53247E+04 2.18718E-03
-1.52631E+04 2.45688E-03
-1.52015E+04 4.46628E-03
-1.51399E+04 3.47179E-03
-1.50783E+04 3.63015E-03
-1.50167E+04 1.87827E-03
-1.49550E+04 3.79834E-03
-1.48934E+04 2.03709E-03
-1.48318E+04 3.23840E-03
-1.47702E+04 2.52050E-03
-1.47086E+04 2.23578E-03
-1.46470E+04 4.60154E-03
-1.45854E+04 3.05293E-03
-1.45238E+04 2.20549E-03
-1.44622E+04 2.18990E-03
-1.44006E+04 2.30195E-03
-1.43390E+04 2.59754E-03
-1.42773E+04 2.56208E-03
-1.42157E+04 3.82500E-03
-1.41541E+04 3.49140E-03
-1.40925E+04 2.47206E-03
-1.40309E+04 2.43527E-03
-1.39693E+04 3.13399E-03
-1.39077E+04 3.17225E-03
-1.38461E+04 2.36968E-03
-1.37845E+04 1.59125E-03
-1.37229E+04 2.23489E-03
-1.36613E+04 3.43038E-03
-1.35997E+04 4.24157E-03
-1.35380E+04 2.94211E-03
-1.34765E+04 2.62391E-03
-1.34148E+04 3.61807E-03
-1.33532E+04 3.29870E-03
-1.32916E+04 3.59415E-03
-1.32300E+04 3.65733E-03
-1.31684E+04 3.19404E-03
-1.31068E+04 2.31400E-03
-1.30452E+04 3.05106E-03
-1.29836E+04 2.38080E-03
-1.29220E+04 4.06228E-03
-1.28603E+04 2.68387E-03
-1.27988E+04 3.34673E-03
-1.27371E+04 2.52075E-03
-1.26755E+04 4.34713E-03
-1.26139E+04 4.49297E-03
-1.25523E+04 4.00132E-03
-1.24907E+04 3.03447E-03
-1.24291E+04 4.61018E-03
-1.23675E+04 4.16824E-03
-1.23059E+04 4.09871E-03
-1.22443E+04 4.44621E-03
-1.21827E+04 3.66899E-03
-1.21211E+04 6.02048E-03
-1.20595E+04 4.79992E-03
-1.19978E+04 4.57331E-03
-1.19362E+04 4.90190E-03
-1.18746E+04 3.45064E-03
-1.18130E+04 5.26549E-03
-1.17514E+04 5.47874E-03
-1.16898E+04 5.72265E-03
-1.16282E+04 7.02611E-03
-1.15666E+04 6.47767E-03
-1.15050E+04 6.96386E-03
-1.14434E+04 5.85606E-03
-1.13818E+04 6.06895E-03
-1.13202E+04 6.47453E-03
-1.12585E+04 7.37071E-03
-1.11969E+04 8.25376E-03
-1.11353E+04 7.96806E-03
-1.10737E+04 8.03993E-03
-1.10121E+04 8.33407E-03
-1.09505E+04 8.65450E-03
-1.08889E+04 7.68678E-03
-1.08273E+04 7.68323E-03
-1.07657E+04 8.21634E-03
-1.07041E+04 8.13496E-03
-1.06425E+04 9.03538E-03
-1.05808E+04 8.24596E-03
-1.05192E+04 8.89422E-03
-1.04576E+04 8.54501E-03
-1.03960E+04 9.14940E-03
-1.03344E+04 9.86948E-03
-1.02728E+04 9.03419E-03
-1.02112E+04 9.95494E-03
-1.01496E+04 8.61509E-03
-1.00880E+04 9.41209E-03
-1.00264E+04 9.90323E-03
-9.96478E+03 8.51902E-03
-9.90316E+03 7.44769E-03
-9.84155E+03 8.70839E-03
-9.77995E+03 8.63855E-03
-9.71834E+03 8.39194E-03
-9.65673E+03 7.73787E-03
-9.59513E+03 8.95754E-03
-9.53352E+03 8.45376E-03
-9.47191E+03 8.93101E-03
-9.41029E+03 7.93212E-03
-9.34870E+03 8.09896E-03
-9.28708E+03 7.55753E-03
-9.22547E+03 7.58711E-03
-9.16386E+03 5.83078E-03
-9.10226E+03 7.09871E-03
-9.04065E+03 6.51700E-03
-8.97903E+03 5.42205E-03
-8.91743E+03 6.26926E-03
-8.85583E+03 5.48497E-03
-8.79422E+03 6.65375E-03
-8.73261E+03 6.14525E-03
-8.67101E+03 5.63395E-03
-8.60940E+03 6.02359E-03
-8.54778E+03 6.26629E-03
-8.48617E+03 6.61310E-03
-8.42457E+03 5.99698E-03
-8.36296E+03 6.27658E-03
-8.30134E+03 5.47547E-03
-8.23974E+03 6.85160E-03
-8.17813E+03 5.82827E-03
-8.11653E+03 5.58984E-03
-8.05492E+03 6.17629E-03
-7.99331E+03 5.30380E-03
-7.93171E+03 5.74068E-03
-7.87009E+03 5.68007E-03
-7.80849E+03 5.66830E-03
-7.74688E+03 4.35710E-03
-7.68527E+03 4.47434E-03
-7.62366E+03 5.61250E-03
-7.56205E+03 5.70826E-03
-7.50044E+03 3.97159E-03
-7.43884E+03 4.64720E-03
-7.37722E+03 4.67318E-03
-7.31562E+03 4.85955E-03
-7.25402E+03 4.44596E-03
-7.19240E+03 4.79208E-03
-7.13080E+03 4.58986E-03
-7.06919E+03 3.07541E-03
-7.00758E+03 3.36502E-03
-6.94597E+03 3.61949E-03
-6.88437E+03 3.25737E-03
-6.82275E+03 3.51293E-03
-6.76115E+03 3.52823E-03
-6.69953E+03 3.96449E-03
-6.63793E+03 3.51837E-03
-6.57631E+03 5.21606E-03
-6.51471E+03 4.26674E-03
-6.45310E+03 3.84218E-03
-6.39150E+03 3.11864E-03
-6.32989E+03 2.64427E-03
-6.26828E+03 3.29296E-03
-6.20668E+03 2.70997E-03
-6.14506E+03 3.16565E-03
-6.08346E+03 3.74297E-03
-6.02184E+03 3.61494E-03
-5.96024E+03 2.26899E-03
-5.89863E+03 3.31697E-03
-5.83702E+03 3.19718E-03
-5.77541E+03 2.09068E-03
-5.71380E+03 2.42565E-03
-5.65219E+03 1.75355E-03
-5.59059E+03 2.77074E-03
-5.52898E+03 4.52738E-03
-5.46737E+03 2.16882E-03
-5.40577E+03 3.70687E-03
-5.34416E+03 3.25053E-03
-5.28255E+03 3.96826E-03
-5.22094E+03 3.92449E-03
-5.15933E+03 3.49431E-03
-5.09772E+03 4.18262E-03
-5.03612E+03 5.07381E-03
-4.97450E+03 4.17654E-03
-4.91290E+03 3.00344E-03
-4.85129E+03 4.65148E-03
-4.78968E+03 4.04972E-03
-4.72808E+03 4.44428E-03
-4.66647E+03 4.44524E-03
-4.60486E+03 4.67153E-03
-4.54325E+03 4.63658E-03
-4.48164E+03 2.67302E-03
-4.42003E+03 4.15507E-03
-4.35842E+03 4.34642E-03
-4.29682E+03 5.02259E-03
-4.23521E+03 4.18049E-03
-4.17360E+03 3.44009E-03
-4.11180E+03 3.91447E-03
-4.05038E+03 4.14234E-03
-3.98877E+03 4.66997E-03
-3.92717E+03 5.60443E-03
-3.86556E+03 5.54064E-03
-3.80395E+03 5.04955E-03
-3.74234E+03 5.43578E-03
-3.68073E+03 4.14456E-03
-3.61912E+03 4.45186E-03
-3.55752E+03 5.24103E-03
-3.49591E+03 4.34912E-03
-3.43430E+03 4.95860E-03
-3.37270E+03 4.38482E-03
-3.31109E+03 3.94478E-03
-3.24948E+03 4.67995E-03
-3.18787E+03 4.13061E-03
-3.12626E+03 5.57998E-03
-3.06465E+03 4.88975E-03
-3.00304E+03 4.44785E-03
-2.94144E+03 5.62934E-03
-2.87983E+03 4.93061E-03
-2.81822E+03 5.14854E-03
-2.75661E+03 4.36867E-03
-2.69500E+03 5.32604E-03
-2.63340E+03 4.64816E-03
-2.57179E+03 5.13547E-03
-2.51018E+03 5.27822E-03
-2.44857E+03 5.12230E-03
-2.38696E+03 6.24597E-03
-2.32535E+03 5.92585E-03
-2.26374E+03 5.20050E-03
-2.20214E+03 5.22834E-03
-2.14053E+03 6.59345E-03
-2.07892E+03 5.51883E-03
-2.01731E+03 6.13409E-03
-1.95570E+03 6.62127E-03
-1.89410E+03 6.85618E-03
-1.83249E+03 6.44748E-03
-1.77088E+03 6.40010E-03
-1.70927E+03 7.91281E-03
-1.64767E+03 6.91775E-03
-1.58605E+03 7.52519E-03
-1.52445E+03 7.90535E-03
-1.46284E+03 8.99141E-03
-1.40123E+03 8.52643E-03
-1.33962E+03 8.91344E-03
-1.27801E+03 1.04293E-02
-1.21640E+03 1.03290E-02
-1.15480E+03 8.64796E-03
-1.09319E+03 1.00884E-02
-1.03158E+03 1.05081E-02
-9.69972E+02 1.01967E-02
-9.08363E+02 1.15851E-02
-8.46756E+02 1.08675E-02
-7.85147E+02 1.14680E-02
-7.23542E+02 1.12445E-02
-6.61930E+02 1.13248E-02
-6.00324E+02 1.10067E-02
-5.38714E+02 1.00154E-02
-4.77108E+02 1.05022E-02
-4.15497E+02 1.10768E-02
-3.53891E+02 1.06593E-02
-2.92283E+02 1.04445E-02
-2.30674E+02 9.87124E-03
-1.69065E+02 8.73183E-03
-1.07457E+02 9.11549E-03
-4.58487E+01 8.58844E-03
1.57597E+01 8.50508E-03
7.73655E+01 7.80080E-03
1.38976E+02 8.52225E-03
2.00582E+02 7.68471E-03
2.62193E+02 7.12475E-03
3.23799E+02 5.55023E-03
3.85411E+02 4.84034E-03
4.47016E+02 4.33878E-03
5.08624E+02 4.48292E-03
5.70233E+02 4.25463E-03
6.31842E+02 4.12613E-03
6.93450E+02 5.46065E-03
7.55058E+02 4.97869E-03
8.16666E+02 3.95080E-03
8.78275E+02 2.39348E-03
9.39883E+02 3.44111E-03
1.00149E+03 3.29473E-03
1.06310E+03 2.57723E-03
1.12471E+03 3.11230E-03
1.18632E+03 3.67428E-03
1.24792E+03 3.57640E-03
1.30953E+03 3.10578E-03
1.37114E+03 3.27970E-03
1.43275E+03 2.58486E-03
1.49436E+03 2.49856E-03
1.55596E+03 2.00621E-03
1.61757E+03 1.66170E-03
1.67918E+03 3.14603E-03
1.74079E+03 2.57615E-03
1.80240E+03 3.25268E-03
1.86401E+03 3.46507E-03
1.92561E+03 2.95141E-03
1.98722E+03 1.96781E-03
2.04883E+03 2.07594E-03
2.11044E+03 2.90126E-03
2.17205E+03 2.31866E-03
2.23366E+03 2.88832E-03
2.29526E+03 4.24996E-03
2.35687E+03 3.28225E-03
2.41848E+03 4.11105E-03
2.48009E+03 3.85399E-03
2.54170E+03 3.08114E-03
2.60330E+03 3.31937E-03
2.66491E+03 3.51288E-03
2.72652E+03 3.04307E-03
2.78813E+03 2.98705E-03
2.84974E+03 3.18085E-03
2.91135E+03 1.77738E-03
2.97296E+03 2.87222E-03
3.03457E+03 2.59930E-03
3.09617E+03 3.11727E-03
3.15778E+03 2.26871E-03
3.21938E+03 3.43199E-03
3.28100E+03 4.16788E-03
3.34260E+03 3.65042E-03
3.40421E+03 2.51958E-03
3.46582E+03 3.28035E-03
3.52743E+03 4.31123E-03
3.58904E+03 2.60182E-03
3.65064E+03 3.37022E-03
3.71225E+03 2.76345E-03
3.77386E+03 3.26500E-03
3.83547E+03 2.57038E-03
3.89708E+03 2.29246E-03
3.95869E+03 2.11494E-03
4.02029E+03 1.81805E-03
4.08191E+03 2.66241E-03
4.14351E+03 2.34985E-03
4.20512E+03 3.77504E-03
4.26673E+03 2.85134E-03
4.32834E+03 2.62615E-03
4.38994E+03 3.29765E-03
4.45155E+03 3.39611E-03
4.51316E+03 3.72485E-03
4.57476E+03 3.39978E-03
4.63638E+03 3.60569E-03
4.69798E+03 2.92534E-03
4.75960E+03 3.90347E-03
4.82120E+03 2.73980E-03
4.88281E+03 4.08364E-03
4.94441E+03 2.36693E-03
5.00603E+03 2.89217E-03
5.06763E+03 3.09357E-03
5.12925E+03 2.52025E-03
5.19085E+03 2.57669E-03
5.25246E+03 2.92209E-03
5.31407E+03 2.91004E-03
5.37567E+03 3.98577E-03
5.43728E+03 3.71406E-03
5.49889E+03 3.67466E-03
5.56050E+03 2.97441E-03
5.62210E+03 2.53660E-03
5.68372E+03 2.28569E-03
5.74532E+03 3.51140E-03
5.80694E+03 3.82093E-03
5.86854E+03 4.63472E-03
5.93015E+03 3.38085E-03
5.99176E+03 3.72779E-03
6.05337E+03 3.48899E-03
6.11497E+03 3.42186E-03
6.17657E+03 3.70706E-03
6.23819E+03 3.42497E-03
6.29979E+03 3.70845E-03
6.36141E+03 3.16690E-03
6.42301E+03 3.53502E-03
6.48463E+03 4.94383E-03
6.54623E+03 4.36449E-03
6.60784E+03 4.78002E-03
6.66945E+03 3.65711E-03
6.73106E+03 4.59184E-03
6.79266E+03 4.11633E-03
6.85428E+03 4.70299E-03
6.91588E+03 6.45681E-03
6.97749E+03 4.73961E-03
7.03910E+03 5.36492E-03
7.10070E+03 5.61477E-03
7.16231E+03 6.29510E-03
7.22392E+03 6.50223E-03
7.28553E+03 5.18147E-03
7.34714E+03 5.99302E-03
7.40875E+03 7.03879E-03
7.47035E+03 7.46351E-03
7.53197E+03 7.94630E-03
7.59357E+03 8.61642E-03
7.65518E+03 7.88292E-03
7.71679E+03 7.50351E-03
7.77840E+03 8.25315E-03
7.84000E+03 7.48757E-03
7.90160E+03 8.33436E-03
7.96322E+03 8.72238E-03
8.02483E+03 9.36456E-03
8.08643E+03 8.63434E-03
8.14804E+03 8.62848E-03
8.20966E+03 8.61106E-03
8.27126E+03 7.65191E-03
8.33287E+03 9.32840E-03
8.39448E+03 7.98506E-03
8.45609E+03 8.78907E-03
8.51770E+03 8.94664E-03
8.57930E+03 8.46502E-03
8.64091E+03 7.06586E-03
8.70253E+03 7.15889E-03
8.76392E+03 7.20075E-03
8.94896E+03 6.16617E-03
9.01056E+03 6.68518E-03
9.07216E+03 6.81354E-03
9.13378E+03 5.98165E-03
9.19539E+03 6.55919E-03
9.25699E+03 5.60974E-03
9.31860E+03 5.76121E-03
9.38022E+03 5.45216E-03
9.44181E+03 5.92936E-03
9.50342E+03 4.60647E-03
9.56503E+03 4.43300E-03
9.62665E+03 4.35514E-03
9.68824E+03 5.39039E-03
9.74985E+03 4.46336E-03
9.81147E+03 3.95860E-03
9.87308E+03 4.66218E-03
9.93468E+03 3.42471E-03
9.99629E+03 2.89662E-03
1.00579E+04 4.33498E-03
1.01195E+04 3.42419E-03
1.01811E+04 4.19321E-03
1.02427E+04 5.07936E-03
1.03043E+04 5.26806E-03
1.03659E+04 4.87720E-03
1.04275E+04 4.91441E-03
1.04892E+04 5.13987E-03
1.05508E+04 4.67515E-03
1.06124E+04 6.01445E-03
1.06740E+04 5.94536E-03
1.07356E+04 5.22740E-03
1.07972E+04 5.45779E-03
1.08588E+04 5.15348E-03
1.09204E+04 5.42364E-03
1.09820E+04 5.05351E-03
1.10436E+04 4.08683E-03
1.11052E+04 4.94489E-03
1.11668E+04 6.28752E-03
1.12285E+04 4.98320E-03
1.12901E+04 5.56025E-03
1.13517E+04 7.12776E-03
1.14133E+04 5.17897E-03
1.14749E+04 5.46299E-03
1.15365E+04 5.26206E-03
1.15981E+04 5.54317E-03
1.16597E+04 5.17329E-03
1.17213E+04 5.63996E-03
1.17829E+04 4.74455E-03
1.18445E+04 5.61969E-03
1.19062E+04 6.28165E-03
1.19677E+04 7.48192E-03
1.20294E+04 6.87623E-03
1.20910E+04 6.87641E-03
1.21526E+04 5.54614E-03
1.22142E+04 6.64533E-03
1.22758E+04 6.81896E-03
1.23374E+04 6.43480E-03
1.23990E+04 5.13396E-03
1.24606E+04 5.07957E-03
1.25222E+04 4.91621E-03
1.25836E+04 4.76943E-03
1.26455E+04 4.96038E-03
1.27070E+04 5.14333E-03
1.27687E+04 4.77793E-03
1.28303E+04 5.17994E-03
1.28919E+04 5.98802E-03
1.29535E+04 5.68900E-03
1.30151E+04 5.22289E-03
1.30767E+04 4.49896E-03
1.31383E+04 5.08321E-03
1.31999E+04 4.01162E-03
1.32615E+04 3.79492E-03
1.33231E+04 5.27255E-03
1.33847E+04 3.86838E-03
1.34463E+04 4.01788E-03
1.35080E+04 3.43889E-03
1.35696E+04 4.52182E-03
1.36312E+04 2.74158E-03
1.36928E+04 3.51436E-03
1.37544E+04 3.78999E-03
1.38160E+04 3.33625E-03
1.38776E+04 3.96468E-03
1.39392E+04 3.73394E-03
1.40008E+04 4.16630E-03
1.40624E+04 2.94651E-03
1.41240E+04 3.70183E-03
1.41857E+04 3.36540E-03
1.42473E+04 3.87578E-03
1.43089E+04 4.52042E-03
1.43705E+04 5.29270E-03
1.44321E+04 4.26350E-03
1.44937E+04 5.50186E-03
1.45553E+04 4.22447E-03
1.46169E+04 4.36071E-03
1.46785E+04 2.97797E-03
1.47401E+04 4.10786E-03
1.48017E+04 4.65528E-03
1.48633E+04 3.71902E-03
1.49250E+04 5.37171E-03
1.49866E+04 4.64181E-03
1.50482E+04 4.32579E-03
1.51098E+04 4.59927E-03
1.51714E+04 4.49284E-03
1.52330E+04 3.92444E-03
1.52946E+04 4.66395E-03
1.53562E+04 5.07690E-03
1.54178E+04 5.32694E-03
1.54794E+04 5.58068E-03
1.55410E+04 5.55628E-03
1.56026E+04 5.64448E-03
1.56642E+04 3.62886E-03
1.57258E+04 5.37463E-03
1.57875E+04 4.51458E-03
1.58491E+04 5.17926E-03
1.59107E+04 4.92396E-03
1.59723E+04 6.20270E-03
1.60339E+04 5.23553E-03
1.60955E+04 5.63670E-03
1.61571E+04 4.52911E-03
1.62187E+04 4.85812E-03
1.62803E+04 5.25277E-03
1.63419E+04 5.87583E-03
1.64036E+04 5.48706E-03
1.64651E+04 5.82126E-03
1.65268E+04 5.70409E-03
1.65884E+04 4.87008E-03
1.66500E+04 5.89274E-03
1.67116E+04 5.86876E-03
1.67732E+04 6.60975E-03
1.68348E+04 6.32860E-03
1.68964E+04 5.09556E-03
1.69580E+04 4.78633E-03
1.70196E+04 5.58481E-03
1.70812E+04 6.54786E-03
1.71428E+04 5.33657E-03
1.72045E+04 5.10181E-03
1.72661E+04 5.63833E-03
1.73277E+04 5.62030E-03
1.73893E+04 4.57988E-03
1.74509E+04 4.60488E-03
1.75125E+04 4.50825E-03
1.75741E+04 5.51502E-03
1.76357E+04 6.14131E-03
1.76973E+04 6.11181E-03
1.77589E+04 6.00835E-03
1.78205E+04 6.16912E-03
1.78821E+04 5.30613E-03
1.79437E+04 5.43761E-03
1.80054E+04 4.31651E-03
1.80670E+04 4.89553E-03
1.81286E+04 5.30449E-03
1.81902E+04 3.72622E-03
1.82518E+04 4.44893E-03
1.83134E+04 6.04794E-03
1.83750E+04 5.88369E-03
1.84366E+04 6.55277E-03
1.84982E+04 6.33320E-03
1.85598E+04 4.43944E-03
1.86215E+04 5.88003E-03
1.86831E+04 5.93819E-03
1.87446E+04 5.65289E-03
1.88063E+04 4.74150E-03
1.88679E+04 5.04079E-03
1.89295E+04 4.16203E-03
1.89911E+04 5.11492E-03
1.90527E+04 5.63640E-03
1.91143E+04 4.43118E-03
1.91759E+04 5.32379E-03
1.92375E+04 5.40219E-03
1.92991E+04 5.10822E-03
1.93607E+04 4.39495E-03
1.94223E+04 4.96762E-03
1.94840E+04 5.57170E-03
1.95456E+04 5.46027E-03
1.96072E+04 4.83053E-03
1.96688E+04 3.42374E-03
1.97304E+04 4.67203E-03
1.97920E+04 6.39281E-03
1.98536E+04 4.55973E-03
1.99152E+04 3.64513E-03
1.99768E+04 5.19563E-03
2.00384E+04 4.98297E-03
2.01001E+04 5.07920E-03
2.01616E+04 4.65199E-03
2.02233E+04 6.23485E-03
2.02849E+04 5.33734E-03
2.03465E+04 4.79483E-03
2.04081E+04 4.76267E-03
2.04697E+04 4.41958E-03
2.05313E+04 5.56803E-03
2.05929E+04 4.38944E-03
2.06545E+04 5.16899E-03
2.07161E+04 4.25501E-03
2.07777E+04 4.74829E-03
2.08393E+04 5.28787E-03
2.09010E+04 4.42991E-03
2.09626E+04 5.48978E-03
2.10242E+04 5.00834E-03
2.10858E+04 4.20750E-03
