6.90381E+04 3.34393E-03
6.90996E+04 4.38169E-03
6.91609E+04 4.67048E-03
6.92224E+04 4.32239E-03
6.92839E+04 4.55515E-03
6.93453E+04 6.05782E-03
6.94067E+04 5.37106E-03
6.94687E+04 4.12871E-03
6.95296E+04 6.30750E-03
6.95911E+04 3.23294E-03
6.96524E+04 4.50810E-03
6.97139E+04 5.03367E-03
6.97754E+04 4.27386E-03
6.98369E+04 3.60264E-03
6.98982E+04 3.07014E-03
6.99597E+04 4.10150E-03
7.00211E+04 4.27628E-03
7.00826E+04 4.20097E-03
7.01439E+04 5.00158E-03
7.02054E+04 4.77536E-03
7.02669E+04 4.89637E-03
7.03284E+04 3.77127E-03
7.03897E+04 5.99211E-03
7.04512E+04 4.71191E-03
7.05126E+04 5.93814E-03
7.05741E+04 5.31199E-03
7.06356E+04 4.55978E-03
7.06969E+04 5.56907E-03
7.07584E+04 5.11713E-03
7.08199E+04 5.32464E-03
7.08813E+04 4.70018E-03
7.09427E+04 4.33488E-03
7.10041E+04 4.81758E-03
7.10656E+04 4.41486E-03
7.11271E+04 4.09836E-03
7.11884E+04 4.49291E-03
7.12499E+04 4.81048E-03
7.13114E+04 5.82741E-03
7.13729E+04 5.56473E-03
7.14351E+04 4.04401E-03
7.14957E+04 4.51417E-03
7.15571E+04 3.68103E-03
7.16186E+04 5.85971E-03
7.16800E+04 6.06817E-03
7.17414E+04 5.37725E-03
7.18028E+04 5.37821E-03
7.18643E+04 4.94097E-03
7.19257E+04 4.18780E-03
7.19872E+04 3.88168E-03
7.20486E+04 3.75134E-03
7.21101E+04 4.79980E-03
7.21716E+04 3.92874E-03
7.22330E+04 4.91739E-03
7.22944E+04 4.43195E-03
7.23558E+04 4.53611E-03
7.24173E+04 6.30151E-03
7.24787E+04 4.47911E-03
7.25401E+04 4.80299E-03
7.26016E+04 4.64225E-03
7.26631E+04 4.63398E-03
7.27245E+04 5.51130E-03
7.27859E+04 5.44525E-03
7.28473E+04 4.56612E-03
7.29088E+04 3.54691E-03
7.29702E+04 4.92983E-03
7.30317E+04 4.90231E-03
7.30931E+04 5.98678E-03
7.31546E+04 5.46919E-03
7.32160E+04 3.64231E-03
7.32775E+04 3.46402E-03
7.33388E+04 3.72313E-03
7.34003E+04 5.47961E-03
7.34617E+04 4.21740E-03
7.35232E+04 5.04832E-03
7.35846E+04 4.13289E-03
7.36461E+04 5.33972E-03
7.37076E+04 4.22188E-03
7.37690E+04 6.09011E-03
7.38304E+04 5.72342E-03
7.38918E+04 4.72572E-03
7.39533E+04 4.44496E-03
7.40147E+04 4.37028E-03
7.40761E+04 4.96018E-03
7.41376E+04 4.33231E-03
7.41991E+04 6.48292E-03
7.42605E+04 4.62990E-03
7.43219E+04 5.34928E-03
7.43833E+04 4.01190E-03
7.44448E+04 4.73118E-03
7.45062E+04 3.87264E-03
7.45677E+04 4.79224E-03
7.46291E+04 4.94386E-03
7.46906E+04 3.78272E-03
7.47520E+04 5.40185E-03
7.48135E+04 5.30665E-03
7.48748E+04 4.04544E-03
7.49363E+04 5.06692E-03
7.49977E+04 3.93729E-03
7.50592E+04 4.32140E-03
7.51206E+04 5.60663E-03
7.51821E+04 5.46937E-03
7.52436E+04 4.80751E-03
7.53050E+04 4.95869E-03
7.53664E+04 4.64681E-03
7.54278E+04 5.53821E-03
7.54893E+04 5.95449E-03
7.55507E+04 4.78515E-03
7.56121E+04 4.55501E-03
7.56736E+04 5.26725E-03
7.57351E+04 5.65009E-03
7.57965E+04 3.65027E-03
7.58579E+04 5.71238E-03
7.59193E+04 5.04048E-03
7.59808E+04 3.77527E-03
7.60422E+04 4.24932E-03
7.61037E+04 4.99216E-03
7.61651E+04 4.30509E-03
7.62266E+04 4.97541E-03
7.62880E+04 5.13398E-03
7.63495E+04 6.12296E-03
7.64108E+04 4.85619E-03
7.64723E+04 4.06828E-03
7.65337E+04 3.80683E-03
7.65952E+04 4.86365E-03
7.66566E+04 3.66136E-03
7.67181E+04 5.10324E-03
7.67796E+04 4.52830E-03
7.68410E+04 4.90326E-03
7.69024E+04 4.49880E-03
7.69638E+04 3.79711E-03
7.70253E+04 5.65614E-03
7.70867E+04 4.58480E-03
7.71481E+04 3.82009E-03
7.72096E+04 3.94664E-03
7.72711E+04 4.09991E-03
7.73325E+04 5.87422E-03
7.73940E+04 4.94374E-03
7.74553E+04 4.53048E-03
7.75168E+04 5.13968E-03
7.75782E+04 4.36091E-03
7.76397E+04 4.73536E-03
7.77011E+04 5.17589E-03
7.77626E+04 4.96820E-03
7.78240E+04 5.07405E-03
7.78855E+04 4.75237E-03
7.79468E+04 4.89741E-03
7.80083E+04 5.35814E-03
7.80697E+04 5.26158E-03
7.81312E+04 4.56372E-03
7.81926E+04 4.43707E-03
7.82541E+04 5.37124E-03
7.83156E+04 6.33794E-03
7.83770E+04 3.98347E-03
7.84385E+04 5.22747E-03
7.84998E+04 5.31176E-03
7.85613E+04 4.90737E-03
7.86227E+04 3.95152E-03
7.86841E+04 3.54513E-03
7.87456E+04 5.75605E-03
7.88071E+04 4.73883E-03
7.88685E+04 4.32310E-03
7.89300E+04 4.71781E-03
7.89913E+04 4.79828E-03
7.90528E+04 5.12040E-03
7.91142E+04 5.09842E-03
7.91757E+04 4.24360E-03
7.92371E+04 4.55933E-03
7.92986E+04 5.35089E-03
7.93600E+04 5.76366E-03
7.94215E+04 5.56707E-03
7.94828E+04 6.17283E-03
7.95443E+04 3.32922E-03
7.96057E+04 5.51932E-03
7.96672E+04 6.13332E-03
7.97286E+04 5.21779E-03
7.97901E+04 5.47381E-03
7.98516E+04 4.26630E-03
7.99130E+04 5.07782E-03
7.99745E+04 3.99520E-03
8.00358E+04 5.71262E-03
8.00973E+04 4.75747E-03
8.01587E+04 4.38505E-03
8.02201E+04 6.45648E-03
8.02816E+04 4.64510E-03
8.03431E+04 4.50531E-03
8.04045E+04 5.19140E-03
8.04660E+04 4.66828E-03
8.05273E+04 4.53107E-03
8.05888E+04 4.38112E-03
8.06502E+04 4.49702E-03
8.07117E+04 4.73868E-03
8.07731E+04 3.96203E-03
8.08346E+04 3.48959E-03
8.08960E+04 5.55778E-03
8.09575E+04 4.27890E-03
8.10188E+04 4.71349E-03
8.10803E+04 5.16713E-03
8.11417E+04 5.24638E-03
8.12032E+04 5.40832E-03
8.12646E+04 3.83988E-03
8.13261E+04 4.14709E-03
8.13876E+04 3.66313E-03
8.14490E+04 4.95672E-03
8.15105E+04 3.78815E-03
8.15718E+04 4.05079E-03
8.16333E+04 5.32294E-03
8.16947E+04 4.04542E-03
8.17561E+04 5.86893E-03
8.18180E+04 5.36685E-03
8.18791E+04 4.65261E-03
8.19405E+04 3.53592E-03
8.20020E+04 5.97513E-03
8.20633E+04 4.43673E-03
8.21248E+04 4.91140E-03
8.21862E+04 5.14187E-03
8.22477E+04 4.81972E-03
8.23091E+04 5.05055E-03
8.23706E+04 4.56660E-03
8.24320E+04 4.30142E-03
8.24935E+04 5.51213E-03
8.25548E+04 5.66732E-03
8.26163E+04 4.55143E-03
8.26777E+04 4.64128E-03
8.27392E+04 6.27539E-03
8.28006E+04 5.17188E-03
8.28621E+04 4.74034E-03
8.29236E+04 4.49161E-03
8.29850E+04 4.29883E-03
8.30465E+04 4.58704E-03
8.31078E+04 4.24952E-03
8.31693E+04 3.76290E-03
8.32307E+04 3.69727E-03
8.32921E+04 3.75042E-03
8.33536E+04 3.49914E-03
8.34151E+04 4.14506E-03
8.34765E+04 5.52676E-03
8.35380E+04 4.41613E-03
8.35993E+04 4.93075E-03
8.36608E+04 4.96024E-03
8.37222E+04 5.21194E-03
8.37837E+04 5.92380E-03
8.38451E+04 5.24358E-03
8.39066E+04 6.15691E-03
8.39680E+04 5.99829E-03
8.40295E+04 5.77290E-03
8.40908E+04 4.50731E-03
8.41523E+04 4.97808E-03
8.42137E+04 4.40412E-03
8.42752E+04 4.07970E-03
8.43366E+04 4.51445E-03
8.43981E+04 4.05878E-03
8.44596E+04 4.92414E-03
8.45210E+04 5.35433E-03
8.45825E+04 4.92785E-03
8.46438E+04 5.10157E-03
8.47053E+04 5.78088E-03
8.47667E+04 4.30923E-03
8.48281E+04 5.82897E-03
8.48896E+04 5.46024E-03
8.49511E+04 4.12764E-03
8.50125E+04 4.18000E-03
8.50740E+04 3.98892E-03
8.51353E+04 5.44507E-03
8.51968E+04 5.08428E-03
8.52582E+04 5.76885E-03
8.53197E+04 4.92517E-03
8.53811E+04 4.64068E-03
8.54426E+04 5.67265E-03
8.55040E+04 4.94094E-03
8.55655E+04 4.40960E-03
8.56268E+04 5.46644E-03
8.56883E+04 5.48576E-03
8.57497E+04 4.09247E-03
8.58112E+04 4.66686E-03
8.58726E+04 4.82448E-03
8.59341E+04 3.72618E-03
8.59956E+04 4.94213E-03
8.60570E+04 4.66959E-03
8.61185E+04 4.99339E-03
8.61798E+04 5.85891E-03
8.62413E+04 4.83816E-03
8.63027E+04 5.18680E-03
8.63641E+04 5.07437E-03
8.64256E+04 5.12488E-03
8.64871E+04 3.82528E-03
8.65485E+04 4.61067E-03
8.66100E+04 4.01159E-03
8.66713E+04 5.01937E-03
8.67328E+04 5.55686E-03
8.67942E+04 5.12987E-03
8.68557E+04 4.28271E-03
8.69171E+04 3.91907E-03
8.69786E+04 4.91194E-03
8.70401E+04 4.41487E-03
8.71015E+04 5.22329E-03
8.71628E+04 5.05275E-03
8.72243E+04 4.38689E-03
8.72857E+04 4.97680E-03
8.73472E+04 4.05407E-03
8.74086E+04 4.91966E-03
8.74701E+04 4.38210E-03
8.75316E+04 5.75923E-03
8.75930E+04 4.80983E-03
8.76545E+04 5.28691E-03
8.77158E+04 4.94879E-03
8.77772E+04 4.82572E-03
8.78387E+04 3.81304E-03
8.79001E+04 3.55978E-03
8.79616E+04 5.26907E-03
8.80223E+04 3.40576E-03
8.80845E+04 4.73080E-03
8.81460E+04 5.48419E-03
8.82069E+04 5.13529E-03
8.82702E+04 5.09190E-03
8.83302E+04 4.46080E-03
8.83917E+04 4.10903E-03
8.84531E+04 4.25464E-03
8.85146E+04 6.00549E-03
8.85761E+04 5.99440E-03
8.86375E+04 5.78295E-03
8.86988E+04 3.98484E-03
8.87603E+04 4.76589E-03
8.88217E+04 5.09331E-03
8.88832E+04 5.11066E-03
8.89446E+04 4.44704E-03
8.90061E+04 5.43142E-03
8.90676E+04 3.52423E-03
8.91290E+04 5.31650E-03
8.91905E+04 4.46329E-03
8.92518E+04 3.89459E-03
8.93132E+04 4.95034E-03
8.93747E+04 3.49840E-03
8.94361E+04 4.52473E-03
8.94976E+04 5.16734E-03
8.95591E+04 5.77679E-03
8.96205E+04 5.50760E-03
8.96820E+04 4.06595E-03
8.97433E+04 5.03448E-03
8.98048E+04 4.92540E-03
8.98662E+04 4.09259E-03
8.99277E+04 4.59092E-03
8.99891E+04 3.37404E-03
9.00506E+04 3.86375E-03
9.01121E+04 4.04745E-03
9.01735E+04 4.42515E-03
9.02348E+04 4.62754E-03
9.02963E+04 4.84665E-03
9.03577E+04 4.16564E-03
9.04192E+04 4.38092E-03
9.04806E+04 4.98490E-03
9.05421E+04 4.18709E-03
9.06036E+04 4.91426E-03
9.06650E+04 4.88835E-03
9.07265E+04 5.51012E-03
9.07878E+04 5.67288E-03
9.08492E+04 4.08637E-03
9.09107E+04 4.25229E-03
9.09721E+04 4.41101E-03
9.10336E+04 5.33703E-03
9.10951E+04 4.72387E-03
9.11565E+04 4.44440E-03
9.12180E+04 4.92561E-03
9.12793E+04 4.28226E-03
9.13408E+04 4.61468E-03
9.14022E+04 5.08766E-03
9.14637E+04 4.40782E-03
9.15251E+04 3.75877E-03
9.15866E+04 4.91887E-03
9.16481E+04 5.40535E-03
9.17095E+04 4.64140E-03
9.17708E+04 4.71509E-03
9.18323E+04 5.30698E-03
9.18937E+04 4.14933E-03
9.19552E+04 3.37928E-03
9.20166E+04 4.29726E-03
9.20781E+04 4.76456E-03
9.21396E+04 5.20519E-03
9.22010E+04 5.66488E-03
9.22625E+04 5.06021E-03
9.23238E+04 5.65248E-03
9.23852E+04 5.65554E-03
9.24467E+04 4.72318E-03
9.25081E+04 3.57852E-03
9.25696E+04 4.17499E-03
9.26311E+04 4.78427E-03
9.26925E+04 4.85558E-03
9.27540E+04 3.75294E-03
9.28153E+04 5.54455E-03
9.28768E+04 4.59070E-03
9.29382E+04 5.62412E-03
9.29997E+04 4.76273E-03
9.30611E+04 5.54781E-03
9.31226E+04 5.37333E-03
9.31841E+04 3.96195E-03
9.32455E+04 3.52710E-03
9.33068E+04 4.59060E-03
9.33683E+04 4.91288E-03
9.34297E+04 4.99447E-03
9.34912E+04 4.23411E-03
9.35526E+04 5.05432E-03
9.36141E+04 3.71933E-03
9.36756E+04 4.04722E-03
9.37370E+04 3.98783E-03
9.37985E+04 4.56695E-03
9.38598E+04 4.20535E-03
9.39217E+04 3.29914E-03
9.39821E+04 5.43779E-03
9.40459E+04 6.52728E-03
9.41056E+04 5.20989E-03
9.41666E+04 4.13847E-03
9.42289E+04 5.17275E-03
9.42886E+04 5.30046E-03
9.43495E+04 4.89384E-03
9.44128E+04 5.78508E-03
9.44751E+04 3.53776E-03
9.45357E+04 3.40315E-03
9.45971E+04 4.38628E-03
9.46586E+04 4.62032E-03
9.47201E+04 3.54349E-03
9.47815E+04 4.35959E-03
9.48428E+04 5.69038E-03
9.49043E+04 5.29637E-03
9.49657E+04 5.07172E-03
9.50272E+04 4.67173E-03
9.50886E+04 5.40028E-03
9.51501E+04 4.21975E-03
9.52116E+04 4.50576E-03
9.52730E+04 5.36236E-03
9.53345E+04 4.63541E-03
9.53954E+04 2.44781E-03
9.54572E+04 4.39471E-03
9.55187E+04 4.56966E-03
9.55801E+04 5.72083E-03
9.56416E+04 6.39118E-03
9.57031E+04 4.85535E-03
9.57645E+04 3.98687E-03
9.58260E+04 5.77686E-03
9.58873E+04 5.38758E-03
9.59488E+04 4.71574E-03
9.60102E+04 3.79938E-03
9.60717E+04 5.28307E-03
9.61331E+04 3.86909E-03
9.61946E+04 4.14461E-03
9.62561E+04 4.17486E-03
9.63175E+04 4.99744E-03
9.63788E+04 4.87980E-03
9.64403E+04 6.55823E-03
9.65017E+04 4.58995E-03
9.65632E+04 4.81668E-03
9.66246E+04 5.12581E-03
9.66861E+04 3.79360E-03
9.67476E+04 4.64229E-03
9.68090E+04 6.04617E-03
9.68705E+04 5.50491E-03
9.69318E+04 6.52943E-03
9.69932E+04 5.48611E-03
9.70547E+04 5.17468E-03
9.71161E+04 7.78270E-03
9.71776E+04 4.14638E-03
9.72391E+04 3.84993E-03
9.73005E+04 6.06113E-03
9.73620E+04 5.26947E-03
9.74233E+04 3.50912E-03
9.74848E+04 5.45972E-03
9.75462E+04 4.43890E-03
9.76077E+04 5.84166E-03
9.76691E+04 5.28706E-03
9.77306E+04 3.88487E-03
9.77921E+04 5.10112E-03
9.78531E+04 4.96354E-03
9.79148E+04 4.66123E-03
9.79763E+04 3.59565E-03
9.80377E+04 4.65542E-03
9.80992E+04 4.18818E-03
9.81606E+04 4.13265E-03
9.82221E+04 6.29916E-03
9.82836E+04 3.68698E-03
9.83450E+04 4.09279E-03
9.84065E+04 4.95691E-03
9.84678E+04 4.56091E-03
9.85292E+04 4.43677E-03
9.85907E+04 5.64462E-03
9.86521E+04 6.35553E-03
9.87136E+04 4.65838E-03
9.87751E+04 5.43219E-03
9.88365E+04 3.06325E-03
9.88980E+04 3.77009E-03
9.89593E+04 5.62105E-03
9.90208E+04 1.84521E-03
9.90822E+04 4.20216E-03
9.91437E+04 5.99720E-03
9.92051E+04 4.48961E-03
9.92666E+04 4.44706E-03
9.93281E+04 3.80782E-03
9.93895E+04 4.75759E-03
9.94508E+04 4.72277E-03
9.95123E+04 5.78262E-03
9.95737E+04 5.53353E-03
9.96352E+04 5.42828E-03
9.96966E+04 4.42668E-03
9.97581E+04 4.30633E-03
9.98196E+04 4.18722E-03
9.98810E+04 4.85404E-03
9.99425E+04 5.48203E-03
1.00004E+05 4.82545E-03
1.00065E+05 3.91880E-03
1.00126E+05 3.72135E-03
1.00188E+05 4.86760E-03
1.00250E+05 4.35086E-03
1.00311E+05 5.27251E-03
1.00373E+05 3.29217E-03
1.00434E+05 5.77307E-03
1.00495E+05 4.73632E-03
1.00557E+05 4.59052E-03
1.00618E+05 4.09231E-03
1.00680E+05 4.46576E-03
1.00741E+05 4.32523E-03
1.00803E+05 4.54254E-03
1.00864E+05 4.43197E-03
1.00926E+05 6.04550E-03
1.00987E+05 5.33674E-03
1.01048E+05 5.02893E-03
1.01110E+05 4.91477E-03
1.01171E+05 6.12109E-03
1.01233E+05 5.59043E-03
1.01294E+05 4.11097E-03
1.01356E+05 4.50626E-03
1.01417E+05 3.52389E-03
1.01478E+05 5.08424E-03
1.01540E+05 4.57142E-03
1.01601E+05 5.22829E-03
1.01663E+05 5.94579E-03
1.01724E+05 7.08385E-03
1.01786E+05 4.71791E-03
1.01847E+05 6.29946E-03
1.01909E+05 4.86452E-03
1.01970E+05 4.57828E-03
1.02031E+05 3.88495E-03
1.02093E+05 4.40068E-03
1.02154E+05 4.68964E-03
1.02216E+05 3.51768E-03
1.02277E+05 4.89285E-03
1.02339E+05 3.67430E-03
1.02400E+05 3.44727E-03
1.02462E+05 5.43150E-03
1.02523E+05 4.43204E-03
1.02584E+05 4.66034E-03
1.02646E+05 4.82294E-03
1.02707E+05 4.29822E-03
1.02769E+05 4.76032E-03
1.02830E+05 4.68537E-03
1.02892E+05 4.01208E-03
1.02953E+05 5.28822E-03
1.03014E+05 4.78513E-03
1.03076E+05 4.30181E-03
1.03137E+05 5.15647E-03
1.03199E+05 5.39586E-03
1.03260E+05 4.88531E-03
1.03322E+05 5.52994E-03
1.03383E+05 5.81241E-03
1.03445E+05 6.17569E-03
1.03506E+05 4.97394E-03
1.03567E+05 5.49158E-03
1.03629E+05 3.73508E-03
1.03690E+05 4.70242E-03
1.03752E+05 5.16624E-03
1.03813E+05 4.98582E-03
1.03875E+05 5.36875E-03
1.03936E+05 5.02826E-03
1.03998E+05 4.98884E-03
1.04059E+05 3.89883E-03
1.04120E+05 5.41028E-03
1.04182E+05 5.00862E-03
1.04243E+05 4.66881E-03
1.04305E+05 5.58749E-03
1.04366E+05 4.89820E-03
1.04428E+05 3.28098E-03
1.04489E+05 4.05556E-03
1.04550E+05 5.77202E-03
1.04612E+05 5.57894E-03
1.04673E+05 4.99348E-03
1.04735E+05 6.66489E-03
1.04796E+05 5.50826E-03
1.04858E+05 5.17459E-03
1.04919E+05 5.28955E-03
1.04980E+05 4.95158E-03
1.05042E+05 5.19820E-03
1.05103E+05 4.64925E-03
1.05165E+05 5.57779E-03
1.05226E+05 6.75406E-03
1.05288E+05 3.97723E-03
1.05349E+05 3.97841E-03
1.05411E+05 3.64149E-03
1.05472E+05 6.35758E-03
1.05533E+05 6.61394E-03
1.05595E+05 6.03151E-03
1.05656E+05 4.83128E-03
1.05718E+05 4.34341E-03
1.05779E+05 5.33634E-03
1.05841E+05 4.27548E-03
1.05902E+05 5.03273E-03
1.05964E+05 6.35134E-03
1.06025E+05 5.13540E-03
1.06086E+05 5.55994E-03
1.06148E+05 4.82667E-03
1.06209E+05 4.54409E-03
1.06271E+05 4.54391E-03
1.06332E+05 4.03854E-03
1.06394E+05 5.03405E-03
1.06455E+05 5.82798E-03
1.06516E+05 5.75215E-03
1.06578E+05 4.10157E-03
1.06639E+05 4.65192E-03
1.06701E+05 4.36495E-03
1.06762E+05 5.03514E-03
1.06824E+05 4.56194E-03
1.06885E+05 4.79440E-03
1.06947E+05 4.82385E-03
1.07008E+05 4.74156E-03
1.07069E+05 3.22522E-03
1.07131E+05 4.74112E-03
1.07192E+05 3.55146E-03
1.07254E+05 3.84672E-03
1.07315E+05 4.32306E-03
1.07377E+05 4.69585E-03
1.07438E+05 4.40013E-03
1.07500E+05 3.94367E-03
1.07561E+05 4.76541E-03
1.07622E+05 5.58900E-03
1.07684E+05 4.78257E-03
1.07745E+05 4.58395E-03
1.07807E+05 4.52063E-03
1.07868E+05 4.73527E-03
1.07930E+05 5.11177E-03
1.07991E+05 3.89597E-03
1.08052E+05 4.56658E-03
1.08114E+05 4.23190E-03
1.08175E+05 5.70033E-03
1.08237E+05 5.20297E-03
1.08298E+05 4.79314E-03
1.08360E+05 5.25558E-03
1.08421E+05 4.98202E-03
1.08483E+05 4.37078E-03
1.08544E+05 4.68418E-03
1.08606E+05 3.66201E-03
1.08667E+05 4.75560E-03
1.08728E+05 3.50061E-03
1.08790E+05 4.73549E-03
1.08851E+05 5.27926E-03
1.08913E+05 5.45748E-03
1.08974E+05 5.73985E-03
1.09036E+05 6.35910E-03
1.09097E+05 5.63949E-03
1.09158E+05 4.54618E-03
